8 8 8 8 8 8 8 8 8 8 8 8 8 8 8 8 8 8 8 8 8 8 8 8 8 8 8 8 8 8 8 8 8 8 8 8 8 8 8 8 8 8 8 8 8
8 2 6 2 6 6 5 3 4 2 6 2 2 6 4 2 4 2 5 6 6 4 2 2 2 2 2 2 3 2 2 2 2 4 2 2 2 5 4 3 2 2 2 4 8
8 5 2 5 2 4 2 2 5 3 3 4 4 2 6 2 6 5 4 6 3 2 5 6 2 2 2 2 5 2 2 3 5 2 4 2 2 2 5 2 2 6 2 2 8
8 3 2 5 2 2 5 5 5 5 2 4 3 6 11 2 5 2 2 2 11 2 6 5 11 2 4 6 4 11 2 4 3 6 2 11 2 4 2 4 2 3 2 5 8
8 3 5 2 11 4 5 11 6 6 4 3 2 3 2 3 5 4 5 2 6 2 2 2 3 3 2 2 2 2 3 2 11 2 2 2 2 2 11 2 6 11 2 5 8
8 6 2 2 17 13 13 13 13 13 13 13 13 13 13 13 18 5 6 2 2 2 2 3 2 2 2 4 4 3 4 3 6 5 2 2 4 6 2 6 2 4 2 2 8
8 2 2 2 15 0 0 0 0 0 0 0 0 0 0 0 16 4 2 11 2 2 2 6 6 2 6 2 25 21 21 21 21 21 21 21 21 21 21 21 26 4 6 2 8
8 4 3 11 15 0 0 0 0 0 0 0 0 0 0 0 16 4 2 5 3 2 3 5 2 2 2 11 23 9 9 9 9 9 9 9 9 9 9 9 24 11 6 5 8
8 2 2 2 15 0 0 0 0 0 0 0 0 0 0 0 16 3 3 3 2 2 2 2 5 6 3 2 23 9 9 9 9 9 9 9 9 9 9 9 24 2 2 6 8
8 2 2 2 15 0 0 0 0 0 0 0 0 0 0 0 16 5 4 2 2 2 3 11 2 4 2 2 23 9 9 9 9 9 9 9 9 9 9 9 24 2 3 2 8
8 6 2 3 15 0 0 0 0 0 0 0 0 0 0 0 16 3 2 2 11 2 6 5 5 2 11 3 23 9 9 9 9 9 9 9 9 9 9 9 24 6 2 2 8
8 2 3 5 15 0 0 0 0 0 0 0 0 0 0 0 16 2 5 2 6 2 6 2 2 5 2 2 23 9 9 9 9 9 9 9 9 9 9 9 24 2 2 3 8
8 2 6 6 15 0 0 0 0 0 0 0 0 0 0 0 16 2 2 2 2 3 5 11 3 5 4 5 23 9 9 9 9 9 9 9 9 9 9 9 24 2 4 2 8
8 3 5 4 15 0 0 0 0 0 0 0 0 0 0 0 16 6 2 2 4 2 2 6 3 2 4 5 23 9 9 9 9 9 9 9 9 9 9 9 24 2 2 2 8
8 2 2 2 15 0 0 0 0 0 0 0 0 0 0 0 16 5 2 2 3 2 2 4 2 2 2 2 23 9 9 9 9 9 9 9 9 9 9 9 24 2 2 2 8
8 3 3 3 15 0 0 0 0 0 0 0 0 0 0 0 16 3 2 5 2 2 2 2 4 2 2 11 23 9 9 9 9 9 9 9 9 9 9 9 24 2 4 2 8
8 2 2 11 19 14 14 14 14 14 14 14 14 14 14 14 20 11 2 2 2 3 2 2 2 5 6 3 27 22 22 22 22 22 22 22 22 22 22 22 28 2 2 3 8
8 2 6 2 6 2 2 6 5 11 2 5 2 6 11 2 4 2 6 2 3 6 2 2 2 2 6 2 5 2 2 4 2 5 3 2 2 2 2 2 4 3 3 2 8
8 2 2 2 2 2 2 2 6 3 2 5 4 2 5 2 6 2 6 2 11 6 3 3 2 2 5 6 11 4 4 2 6 2 6 6 6 5 4 6 3 2 2 2 8
8 6 6 6 2 2 2 2 6 4 2 6 2 3 6 5 5 3 2 3 2 6 6 5 2 2 6 2 2 3 2 3 3 4 2 3 11 2 3 2 11 2 4 4 8
8 3 2 4 11 2 6 5 2 11 2 6 2 2 11 4 2 3 6 2 2 4 5 2 3 11 2 2 2 6 6 2 2 2 2 2 5 2 4 2 2 4 4 2 8
8 2 4 2 2 2 5 2 6 2 5 2 6 4 2 2 2 4 4 2 2 2 2 6 6 5 5 5 4 11 5 2 11 2 2 2 5 5 6 6 4 3 6 5 8
8 2 5 2 3 5 2 2 2 2 2 2 2 2 5 2 4 2 11 4 2 3 11 4 6 2 6 2 2 5 5 5 6 2 2 4 2 3 2 11 2 2 2 5 8
8 2 5 2 2 11 2 2 2 11 5 6 2 11 2 2 2 5 5 2 4 3 3 2 6 3 2 2 2 2 2 2 3 2 4 2 11 2 6 2 6 3 2 2 8
8 2 2 2 6 6 2 2 2 3 2 4 2 5 3 2 2 5 2 2 2 4 2 2 2 2 5 2 2 5 2 2 11 2 2 2 4 2 2 2 5 2 5 4 8
8 2 2 2 3 4 5 2 4 6 2 2 2 4 6 2 6 2 2 6 11 2 2 3 2 2 2 3 2 2 5 2 2 5 5 2 3 3 2 2 2 2 5 2 8
8 4 6 6 2 4 2 11 2 3 2 2 3 11 6 2 11 2 2 2 2 2 2 11 4 6 5 3 2 11 4 3 6 2 2 11 2 2 6 5 4 2 3 4 8
8 5 2 2 2 4 2 6 2 6 2 4 2 3 5 2 3 5 5 2 2 5 4 2 2 5 2 6 5 2 2 4 2 3 2 2 2 4 5 6 5 6 3 4 8
8 5 4 2 2 2 2 2 2 6 2 2 5 2 6 6 2 2 3 2 5 3 2 3 2 2 2 2 6 2 6 2 2 2 2 3 4 5 6 2 4 2 2 4 8
8 8 8 8 8 8 8 8 8 8 8 8 8 8 8 8 8 8 8 8 8 8 8 8 8 8 8 8 8 8 8 8 8 8 8 8 8 8 8 8 8 8 8 8 8
